1	1	1
0.98039	0.98824	0.99608
0.96471	0.98039	0.99216
0.94902	0.96863	0.99216
0.93333	0.96078	0.98824
0.91765	0.94902	0.98431
0.90196	0.94118	0.98431
0.88235	0.92941	0.98039
0.86667	0.92157	0.97647
0.85098	0.9098	0.97647
0.83529	0.90196	0.97255
0.81961	0.8902	0.96863
0.80392	0.88235	0.96863
0.78431	0.87059	0.96471
0.76863	0.86275	0.96471
0.75294	0.85098	0.96078
0.73725	0.84314	0.95686
0.72157	0.83137	0.95686
0.70588	0.82353	0.95294
0.68627	0.81569	0.94902
0.67059	0.80392	0.94902
0.6549	0.79608	0.9451
0.63922	0.78431	0.94118
0.62353	0.77647	0.94118
0.60784	0.76471	0.93725
0.58824	0.75686	0.93725
0.57255	0.7451	0.93333
0.55686	0.73725	0.92941
0.54118	0.72549	0.92941
0.52549	0.71765	0.92549
0.5098	0.70588	0.92157
0.4902	0.69804	0.92157
0.47451	0.68627	0.91765
0.45882	0.67843	0.91373
0.44314	0.66667	0.91373
0.42745	0.65882	0.9098
0.41176	0.65098	0.9098
0.4	0.63137	0.89804
0.38824	0.61569	0.88627
0.37647	0.6	0.87451
0.36471	0.58431	0.86275
0.35294	0.56863	0.8549
0.3451	0.55294	0.84314
0.33333	0.53725	0.83137
0.32157	0.52157	0.81961
0.3098	0.50588	0.81176
0.29804	0.4902	0.8
0.28627	0.47451	0.78824
0.27843	0.45882	0.77647
0.26667	0.44314	0.76471
0.2549	0.42745	0.75686
0.24314	0.41176	0.7451
0.23137	0.39608	0.73333
0.21961	0.38039	0.72157
0.21176	0.36471	0.71373
0.2	0.34902	0.70196
0.18824	0.33333	0.6902
0.17647	0.31765	0.67843
0.16471	0.30196	0.66667
0.15294	0.28627	0.65882
0.1451	0.27059	0.64706
0.13333	0.2549	0.63529
0.12157	0.23922	0.62353
0.1098	0.22353	0.61569
0.098039	0.20784	0.60392
0.086275	0.19216	0.59216
0.078431	0.17647	0.58039
0.066667	0.16078	0.56863
0.054902	0.1451	0.56078
0.043137	0.12941	0.54902
0.031373	0.11373	0.53725
0.019608	0.098039	0.52549
0.011765	0.082353	0.51765
0.015686	0.094118	0.51373
0.023529	0.1098	0.51373
0.031373	0.12549	0.51373
0.039216	0.14118	0.51373
0.047059	0.15686	0.51373
0.054902	0.17255	0.51373
0.062745	0.18824	0.5098
0.070588	0.20392	0.5098
0.078431	0.21961	0.5098
0.082353	0.23529	0.5098
0.090196	0.25098	0.5098
0.098039	0.26667	0.5098
0.10588	0.28235	0.50588
0.11373	0.29804	0.50588
0.12157	0.31373	0.50588
0.12941	0.32941	0.50588
0.13725	0.3451	0.50588
0.1451	0.36078	0.50588
0.14902	0.37647	0.50196
0.15686	0.39216	0.50196
0.16471	0.40784	0.50196
0.17255	0.42353	0.50196
0.18039	0.43922	0.50196
0.18824	0.4549	0.50196
0.19608	0.47059	0.49804
0.20392	0.48627	0.49804
0.21176	0.50196	0.49804
0.21569	0.51765	0.49804
0.22353	0.53333	0.49804
0.23137	0.54902	0.49804
0.23922	0.56471	0.49412
0.24706	0.58039	0.49412
0.2549	0.59608	0.49412
0.26275	0.61176	0.49412
0.27059	0.62745	0.49412
0.27843	0.64314	0.49412
0.29804	0.65098	0.48235
0.31765	0.65882	0.47059
0.33725	0.66667	0.45882
0.35686	0.67451	0.44706
0.37647	0.68235	0.43529
0.39608	0.6902	0.42353
0.41569	0.69804	0.41176
0.43529	0.70588	0.40392
0.4549	0.71765	0.39216
0.47451	0.72549	0.38039
0.49412	0.73333	0.36863
0.51373	0.74118	0.35686
0.53333	0.74902	0.3451
0.55294	0.75686	0.33333
0.57255	0.76471	0.32549
0.59216	0.77255	0.31373
0.61176	0.78039	0.30196
0.63137	0.79216	0.2902
0.65098	0.8	0.27843
0.67059	0.80784	0.26667
0.6902	0.81569	0.2549
0.7098	0.82353	0.24706
0.72941	0.83137	0.23529
0.74902	0.83922	0.22353
0.76863	0.84706	0.21176
0.78824	0.8549	0.2
0.80784	0.86667	0.18824
0.82745	0.87451	0.17647
0.84706	0.88235	0.16863
0.86667	0.8902	0.15686
0.88627	0.89804	0.1451
0.90588	0.90588	0.13333
0.92549	0.91373	0.12157
0.9451	0.92157	0.1098
0.96471	0.92941	0.098039
0.98824	0.94118	0.090196
0.98039	0.92549	0.098039
0.97647	0.91373	0.10588
0.97255	0.90196	0.11373
0.96863	0.8902	0.12157
0.96471	0.87451	0.13333
0.96078	0.86275	0.14118
0.95686	0.85098	0.14902
0.94902	0.83922	0.15686
0.9451	0.82745	0.16863
0.94118	0.81176	0.17647
0.93725	0.8	0.18431
0.93333	0.78824	0.19216
0.92941	0.77647	0.2
0.92549	0.76078	0.21176
0.91765	0.74902	0.21961
0.91373	0.73725	0.22745
0.9098	0.72549	0.23529
0.90588	0.71373	0.24706
0.90196	0.69804	0.2549
0.89804	0.68627	0.26275
0.89412	0.67451	0.27059
0.88627	0.66275	0.27843
0.88235	0.64706	0.2902
0.87843	0.63529	0.29804
0.87451	0.62353	0.30588
0.87059	0.61176	0.31373
0.86667	0.6	0.32549
0.86275	0.58431	0.33333
0.8549	0.57255	0.34118
0.85098	0.56078	0.34902
0.84706	0.54902	0.35686
0.84314	0.53333	0.36863
0.83922	0.52157	0.37647
0.83529	0.5098	0.38431
0.83137	0.49804	0.39216
0.82745	0.48627	0.40392
0.82353	0.48235	0.39216
0.82353	0.48235	0.38431
0.82353	0.48235	0.37647
0.82353	0.47843	0.36863
0.81961	0.47843	0.35686
0.81961	0.47843	0.34902
0.81961	0.47451	0.34118
0.81961	0.47451	0.33333
0.81569	0.47451	0.32549
0.81569	0.47059	0.31373
0.81569	0.47059	0.30588
0.81569	0.47059	0.29804
0.81176	0.46667	0.2902
0.81176	0.46667	0.27843
0.81176	0.46667	0.27059
0.81176	0.46275	0.26275
0.80784	0.46275	0.2549
0.80784	0.46275	0.24706
0.80784	0.45882	0.23529
0.80784	0.45882	0.22745
0.80392	0.45882	0.21961
0.80392	0.4549	0.21176
0.80392	0.4549	0.2
0.80392	0.4549	0.19216
0.8	0.45098	0.18431
0.8	0.45098	0.17647
0.8	0.45098	0.16863
0.8	0.44706	0.15686
0.79608	0.44706	0.14902
0.79608	0.44706	0.14118
0.79608	0.44314	0.13333
0.79608	0.44314	0.12157
0.79216	0.44314	0.11373
0.79216	0.43922	0.10588
0.79216	0.43922	0.098039
0.79216	0.43922	0.090196
0.78431	0.42745	0.090196
0.77647	0.41569	0.090196
0.77255	0.40392	0.090196
0.76471	0.39216	0.090196
0.76078	0.38431	0.090196
0.75294	0.37255	0.094118
0.7451	0.36078	0.094118
0.74118	0.34902	0.094118
0.73333	0.34118	0.094118
0.72941	0.32941	0.094118
0.72157	0.31765	0.094118
0.71765	0.30588	0.098039
0.7098	0.29412	0.098039
0.70196	0.28627	0.098039
0.69804	0.27451	0.098039
0.6902	0.26275	0.098039
0.68627	0.25098	0.098039
0.67843	0.24314	0.10196
0.67059	0.23137	0.10196
0.66667	0.21961	0.10196
0.65882	0.20784	0.10196
0.6549	0.19608	0.10196
0.64706	0.18824	0.10196
0.64314	0.17647	0.10588
0.63529	0.16471	0.10588
0.62745	0.15294	0.10588
0.62353	0.1451	0.10588
0.61569	0.13333	0.10588
0.61176	0.12157	0.10588
0.60392	0.1098	0.1098
0.59608	0.098039	0.1098
0.59216	0.090196	0.1098
0.58431	0.078431	0.1098
0.58039	0.066667	0.1098
0.57255	0.054902	0.1098
0.56863	0.047059	0.11373
0.56863	0.047059	0.11373
0.56863	0.047059	0.11373
0.56863	0.047059	0.11373
